3
wjlhfrtabyefp
z
1 75 0.2805514026515783
1 86 0.7463645676637224
0 133 0.14756508269516788
0 23 0.11566439023109842
0
hjnmzsuoiqgzp
f
1 100 0.9448017539358865
0 254 0.9654693415423079
1 191 0.26729193797145323
1 220 0.9336587045313869
0
ossnsrkilhfsd
w
1 247 0.09060158676718622
0 134 0.20007553182984394
0 81 0.7940129245990801
0 232 0.1313046960317975
4
zkxotbkdqwsxv
j
1 156 0.9848723794581924
0 243 0.4213916525086381
1 254 0.3131528675144337
1 209 0.7201215549305356
0
rwzlkbsvqgbnz
u
1 240 0.07089265503766173
1 57 0.8848362757784479
1 5 0.08778646898696674
1 148 0.7211257632191894
4
kbncvzucoxqoq
k
1 103 0.31956567968020344
0 153 0.8401440418730908
0 244 0.7372923657638258
1 116 0.9801909041450642
2
rzzbyatovmqpg
w
1 184 0.5254351964426136
1 17 0.7710777051120467
1 189 0.11092608471325038
1 78 0.5064035118925223
1
lwgyswsutvbae
r
0 120 0.35096512111235867
0 209 0.4527936563497087
1 194 0.1772359422126737
0 136 0.2023724418204096
3
cjwddbxajmjjx
t
1 97 0.8984840730603405
0 249 0.6670783620506171
0 208 0.305783197851345
1 35 0.7502920899514164
2
mnvtafpcpxcru
c
0 188 0.02474264894610556
0 45 0.706114412228416
1 169 0.07438562019005823
0 138 0.48805192141844445