0
hjnmzsuoiqgzp
f
1 100 0.944802
0 254 0.965469
1 191 0.267292
1 220 0.933659
0
rwzlkbsvqgbnz
u
1 240 0.0708927
1 57 0.884836
1 5 0.0877865
1 148 0.721126
0
ossnsrkilhfsd
w
1 247 0.0906016
0 134 0.200076
0 81 0.794013
0 232 0.131305
4
kbncvzucoxqoq
k
1 103 0.319566
0 153 0.840144
0 244 0.737292
1 116 0.980191
4
zkxotbkdqwsxv
j
1 156 0.984872
0 243 0.421392
1 254 0.313153
1 209 0.720122
3
cjwddbxajmjjx
t
1 97 0.898484
0 249 0.667078
0 208 0.305783
1 35 0.750292
3
wjlhfrtabyefp
z
1 75 0.280551
1 86 0.746365
0 133 0.147565
0 23 0.115664
2
rzzbyatovmqpg
w
1 184 0.525435
1 17 0.771078
1 189 0.110926
1 78 0.506404
1
lwgyswsutvbae
r
0 120 0.350965
0 209 0.452794
1 194 0.177236
0 136 0.202372
